33.90
34.87
34.49
34.16
35.14
34.10
34.41
33.10
35.59
35.20
34.35
33.87
35.18
34.54
35.71
34.74
36.42
34.68
34.05
34.76
35.49
35.44
36.03
34.19
35.49
35.30
34.26
35.36
35.83
33.64
34.83
36.11
35.32
37.37
34.78
36.66
33.91
33.55
34.91
34.17
34.96
34.71
34.31
35.78
34.86
34.19
35.50
32.62
33.20
35.52
34.59
35.32
36.21
35.61
36.14
34.31
34.55
37.61
35.86
33.75
34.77
34.37
33.68
35.70
35.65
35.67
34.20
34.11
35.18
35.07
35.74
36.11
34.99
35.05
34.36
36.00
34.27
35.05
35.97
33.07
34.76
34.23
35.13
34.56
35.54
36.52
35.04
35.50
33.68
34.17
32.99
33.68
35.78
33.40
34.31
34.81
35.53
33.99
34.77
36.37
35.79
33.65
35.10
33.97
36.08
35.03
35.65
35.30
36.27
35.97
33.53
36.68
36.11
34.67
34.04
34.51
35.39
35.25
35.45
34.22
35.07
34.49
34.11
34.69
34.80
33.95
33.31
34.19
36.03
35.44
36.73
35.14
34.03
34.16
33.94
32.83
33.56
36.84
32.96
35.34
35.44
35.57
34.26
34.89
34.34
34.02
35.56
